TP=391126.0
FP=462.0
FN=755.0
purity=0.999178981938
precision=0.998820188566
recall=0.99807339473
