TP=250722.0
FP=140866.0
FN=193534.0
purity=0.723316912972
precision=0.640269875481
recall=0.564363790247
